0	0
8580	1177
5131	657
4466	755
3669	470
6932	988
5551	995
11253	1214
10014	1083
10040	1111
15504	2068
4641	570
7205	864
2784	537
12675	1444
4118	554
2459	458
14073	1756
3824	559
2461	443
6904	907
7742	1006
5097	816
7473	996
7271	1090
3171	538
783	179
2895	426
3464	496
6577	1063
6855	1235
7801	987
8261	927
1550	306
900	156
2565	421
3064	420
3533	666
2610	420
852	177
1240	209
8556	1093
8580	1177
0	0
3561	597
7938	1492
5943	1052
6942	1140
2514	447
8712	994
7473	862
7499	890
8681	1593
5875	1103
7843	1217
5644	1153
8058	1252
5341	1080
7223	1371
20774	2966
10525	1768
7226	1356
3822	580
837	163
7850	1225
4392	669
5419	873
9872	1747
9096	1184
6818	906
7387	976
9498	1507
4234	712
8439	1340
8925	1333
8169	1098
7514	1353
4861	973
9764	1629
8298	1579
6868	1055
9076	1212
8431	1101
8888	1317
5131	657
3561	597
0	0
8284	1285
6763	911
8852	1283
5021	874
6322	647
5082	516
5109	544
11959	2147
6562	865
9125	1159
6344	962
10443	1701
6038	849
7900	1174
21491	2743
11242	1545
7903	1159
1752	339
2590	437
9132	1167
2321	427
7804	1322
10589	1524
7025	943
4748	665
5317	734
10780	1449
6619	1161
9721	1282
10181	1222
6098	857
8318	1143
5538	776
10482	1406
8975	1382
4797	814
7005	970
6361	859
6817	1075
4466	755
7938	1492
8284	1285
0	0
4972	720
5091	815
6056	1067
12556	1464
11317	1333
11343	1361
11854	1945
2264	473
2743	468
1794	321
9025	1321
2551	482
2708	456
13652	1870
5393	831
2507	379
8207	1157
7168	1342
1905	292
8776	1246
5431	919
5946	967
4442	723
4198	677
4767	747
2115	367
6928	1181
2164	423
3525	699
3765	631
4547	696
3077	494
5839	856
3306	572
5773	936
3692	608
3899	668
11331	1528
3669	470
5943	1052
6763	911
4972	720
0	0
6970	997
3384	551
7585	758
6346	627
6372	655
15543	2077
4680	580
7244	873
4463	677
9225	1479
4157	564
6019	888
19610	2457
9361	1260
6022	873
3236	451
4074	550
7251	882
3805	540
5155	877
8708	1239
5144	657
2867	379
3436	449
8899	1163
5401	939
7840	996
8300	937
4217	572
6437	857
3657	491
8601	1121
7094	1097
4840	757
5124	685
4479	574
7077	1093
6932	988
6942	1140
8852	1283
5091	815
6970	997
0	0
4709	876
12631	1425
11392	1294
11418	1322
8385	1421
2322	427
3310	503
3565	666
5556	797
3760	745
6509	986
19503	2390
9611	1439
6307	909
8281	1119
6738	1114
3317	512
8851	1207
2727	518
8957	1418
6550	916
4273	638
4842	708
4966	793
4224	780
3907	626
4355	611
5023	807
6600	1023
3947	644
8850	1300
7380	1133
7882	1138
5745	935
5886	833
12123	1760
5551	995
2514	447
5021	874
6056	1067
3384	551
4709	876
0	0
9358	1107
8119	976
8145	1003
9586	1691
3994	685
5614	943
3762	735
6180	1006
3459	663
5342	954
18892	2548
8643	1351
5344	938
5009	800
2458	410
5621	952
5578	888
3191	599
7990	1330
5565	869
3287	591
3856	661
7269	1234
2356	465
6211	1066
7613	1042
4055	719
5632	935
2979	556
7883	1212
6416	1162
6896	1091
4777	847
4900	786
8850	1443
11253	1214
8712	994
6322	647
12556	1464
7585	758
12631	1425
9358	1107
0	0
2179	291
2725	317
16376	2306
10968	1201
13531	1494
10750	1298
19002	2074
10445	1185
12307	1509
23559	2781
14000	1657
12309	1494
6800	769
9097	1087
13538	1503
7443	875
13598	1720
12768	1453
11432	1278
9154	1000
9723	1070
15187	1784
13125	1810
14128	1617
14588	1558
10505	1193
12724	1478
9945	1112
13301	1541
13382	1718
10063	1282
11412	1306
10767	1195
8382	971
10014	1083
7473	862
5082	516
11317	1333
6346	627
11392	1294
8119	976
2179	291
0	0
2057	244
15455	2188
10300	1128
12864	1421
10083	1225
18334	2001
9777	1112
11639	1436
24801	2929
14981	1808
11641	1421
6132	696
8429	1014
12871	1430
6775	802
12930	1647
14010	1601
10764	1205
8487	927
9056	997
14519	1711
12457	1737
13460	1544
13920	1485
9837	1120
12056	1405
9277	1039
14220	1669
12714	1645
9396	1209
10744	1233
10099	1122
9624	1119
10040	1111
7499	890
5109	544
11343	1361
6372	655
11418	1322
8145	1003
2725	317
2057	244
0	0
19106	2382
8243	884
10807	1178
8026	981
16277	1757
7720	868
9582	1193
23173	2762
12924	1564
9585	1178
4076	452
6372	770
10814	1186
4718	559
10873	1404
12271	1543
8707	961
6430	683
6999	753
12462	1468
10401	1494
11403	1301
11863	1241
7780	876
10000	1162
7220	795
12164	1425
10657	1401
7339	966
8687	989
8042	878
9358	1227
15504	2068
8681	1593
11959	2147
11854	1945
15543	2077
8385	1421
9586	1691
16376	2306
15455	2188
19106	2382
0	0
10856	1497
11418	1627
12083	1734
5102	917
12278	1813
14826	2104
23640	3107
16505	2530
13923	2029
12376	2143
9391	1726
11425	1635
12945	2231
8608	1414
17474	2481
15067	1979
12790	1701
13359	1771
10882	1660
7422	1253
9898	1579
8492	1328
13540	1869
15117	2086
12464	1707
17367	2362
14417	2271
16399	2201
14262	1997
14402	1896
20640	2823
4641	570
5875	1103
6562	865
2264	473
4680	580
2322	427
3994	685
10968	1201
10300	1128
8243	884
10856	1497
0	0
3346	497
1974	397
7193	1136
2168	337
3987	615
17537	2210
7289	1012
3989	600
5959	692
6798	791
3353	506
6529	780
3209	642
6635	992
4228	490
1951	212
2520	282
5001	787
5068	862
3942	620
4402	561
2701	380
4278	597
1625	218
6528	873
5062	824
5560	712
3423	508
3563	407
9800	1334
7205	864
7843	1217
9125	1159
2743	468
7244	873
3310	503
5614	943
13531	1494
12864	1421
10807	1178
11418	1627
3346	497
0	0
3544	496
6861	813
3738	576
5864	830
17595	2076
9589	1264
5662	753
8259	943
6699	1048
2673	355
8829	1032
2688	451
8935	1243
6528	741
4251	463
4820	533
4450	610
4185	714
3282	426
2447	296
5001	632
6578	848
3925	469
8828	1125
6735	976
7860	963
5723	759
5863	658
12100	1585
2784	537
5644	1153
6344	962
1794	321
4463	677
3565	666
3762	735
10750	1298
10083	1225
8026	981
12083	1734
1974	397
3544	496
0	0
9311	1138
1096	234
2047	387
14931	2063
5876	885
1839	291
6217	872
5280	1053
2425	399
6786	960
3905	780
5223	864
2759	497
2208	391
2777	461
3909	705
5472	1019
4437	681
4897	622
2264	373
2865	470
1188	205
5115	746
2912	515
4091	709
2010	381
2217	442
10608	1419
12675	1444
8058	1252
10443	1701
9025	1321
9225	1479
5556	797
6180	1006
19002	2074
18334	2001
16277	1757
5102	917
7193	1136
6861	813
9311	1138
0	0
7175	896
9724	1187
18538	2190
11403	1613
8820	1112
11696	1264
8478	1265
6323	718
12266	1352
4637	802
12372	1564
9965	1062
7688	784
8257	854
5780	743
4644	643
4796	662
3389	411
8438	953
10015	1169
7362	790
12265	1445
9315	1354
11297	1284
9160	1080
9300	979
15537	1906
4118	554
5341	1080
6038	849
2551	482
4157	564
3760	745
3459	663
10445	1185
9777	1112
7720	868
12278	1813
2168	337
3738	576
1096	234
7175	896
0	0
3144	622
16027	2298
6972	1121
2936	526
6913	912
7752	1011
2450	500
7483	1000
3584	740
6319	1100
3855	732
2905	432
3474	502
5172	803
5080	1002
4114	636
4574	577
3360	608
3961	705
2285	440
6212	982
4008	750
5187	944
3106	617
3313	677
10754	1554
2459	458
7223	1371
7900	1174
2708	456
6019	888
6509	986
5342	954
12307	1509
11639	1436
9582	1193
14826	2104
3987	615
5864	830
2047	387
9724	1187
3144	622
0	0
14827	1993
4969	830
703	156
7432	1074
6496	1255
3339	530
8002	1162
6441	1164
4294	808
2476	459
3424	594
3993	663
4820	776
6688	1221
4809	850
7652	994
1799	367
1937	413
2397	407
4187	690
1775	380
3808	672
1727	344
1933	404
9679	1362
14073	1756
20774	2966
21491	2743
13652	1870
19610	2457
19503	2390
18892	2548
23559	2781
24801	2929
23173	2762
23640	3107
17537	2210
17595	2076
14931	2063
18538	2190
16027	2298
14827	1993
0	0
11680	1455
13732	1902
20954	2638
21792	2736
15410	2187
20155	2645
18010	2576
11714	1495
14648	1872
16945	2157
17514	2226
13651	1833
20196	2809
14501	2010
15503	2091
15356	1956
13260	1609
15906	1994
11199	1383
13499	1914
16843	2174
14762	1846
15290	1939
15722	1926
3824	559
10525	1768
11242	1545
5393	831
9361	1260
9611	1439
8643	1351
14000	1657
14981	1808
12924	1564
16505	2530
7289	1012
9589	1264
5876	885
11403	1613
6972	1121
4969	830
11680	1455
0	0
4266	671
10517	1405
11356	1503
7404	1128
11087	1493
9513	1518
2155	367
4212	639
6509	924
7078	994
5846	935
9760	1576
6741	1092
8102	1368
4920	723
2823	376
5470	761
786	136
3667	604
6406	941
4325	613
4854	706
6164	798
2461	443
7226	1356
7903	1159
2507	379
6022	873
6307	909
5344	938
12309	1494
11641	1421
9585	1178
13923	2029
3989	600
5662	753
1839	291
8820	1112
2936	526
703	156
13732	1902
4266	671
0	0
7393	1045
6456	1226
3138	457
7962	1133
6402	1134
4900	798
2436	430
3384	564
3953	634
3991	669
6648	1192
4607	777
6736	926
1759	338
2542	403
2358	378
4793	680
1072	224
3768	642
1687	315
1894	375
10285	1352
6904	907
3822	580
1752	339
8207	1157
3236	451
8281	1119
5009	800
6800	769
6132	696
4076	452
12376	2143
5959	692
8259	943
6217	872
11696	1264
6913	912
7432	1074
20954	2638
10517	1405
7393	1045
0	0
2988	473
8072	1004
845	169
8131	1222
9529	1362
5965	780
3688	502
4257	572
9720	1286
7016	1196
8661	1119
9121	1059
5038	694
7258	980
4478	613
9422	1243
7915	1219
3955	668
5945	807
5300	697
5974	930
7742	1006
837	163
2590	437
7168	1342
4074	550
6738	1114
2458	410
9097	1087
8429	1014
6372	770
9391	1726
6798	791
6699	1048
5280	1053
8478	1265
7752	1011
6496	1255
21792	2736
11356	1503
6456	1226
2988	473
0	0
7677	1260
3554	506
5214	885
9102	1603
8258	1021
5981	743
6550	813
9325	1541
4029	724
8266	1374
8726	1315
7331	936
6745	1208
4092	829
8995	1484
7529	1435
6031	892
8238	1049
7594	938
8050	1154
5097	816
7850	1225
9132	1167
1905	292
7251	882
3317	512
5621	952
13538	1503
12871	1430
10814	1186
11425	1635
3353	506
2673	355
2425	399
6323	718
2450	500
3339	530
15410	2187
7404	1128
3138	457
8072	1004
7677	1260
0	0
8430	1239
3675	680
7433	1169
4969	801
3852	670
4421	740
2676	541
5171	943
1617	373
3434	526
4292	709
5075	775
3604	572
7326	1051
4107	681
6301	1014
4220	686
4427	746
12818	1724
7473	996
4392	669
2321	427
8776	1246
3805	540
8851	1207
5578	888
7443	875
6775	802
4718	559
12945	2231
6529	780
8829	1032
6786	960
12266	1352
7483	1000
8002	1162
20155	2645
11087	1493
7962	1133
845	169
3554	506
8430	1239
0	0
8721	1329
9364	1360
6554	886
4277	608
4846	678
10309	1393
7586	1291
9250	1226
9710	1166
5627	801
7847	1087
5067	720
10011	1350
8504	1326
4524	763
6534	914
5890	803
4978	878
7271	1090
5419	873
7804	1322
5431	919
5155	877
2727	518
3191	599
13598	1720
12930	1647
10873	1404
8608	1414
3209	642
2688	451
3905	780
4637	802
3584	740
6441	1164
18010	2576
9513	1518
6402	1134
8131	1222
5214	885
3675	680
8721	1329
0	0
8066	1258
5659	757
3382	479
3951	549
4074	634
3355	638
3015	467
3502	460
4132	647
5709	864
3056	484
7959	1140
6488	973
6991	979
4854	775
4994	674
11231	1601
3171	538
9872	1747
10589	1524
5946	967
8708	1239
8957	1418
7990	1330
12768	1453
14010	1601
12271	1543
17474	2481
6635	992
8935	1243
5223	864
12372	1564
6319	1100
4294	808
11714	1495
2155	367
4900	798
9529	1362
9102	1603
7433	1169
9364	1360
8066	1258
0	0
3746	682
6043	967
6612	1037
6399	1100
9294	1619
7294	1257
10258	1392
4454	766
2358	419
5004	804
1456	290
4220	769
5941	984
3860	656
4388	749
4931	609
783	179
9096	1184
7025	943
4442	723
5144	657
6550	916
5565	869
11432	1278
10764	1205
8707	961
15067	1979
4228	490
6528	741
2759	497
9965	1062
3855	732
2476	459
14648	1872
4212	639
2436	430
5965	780
8258	1021
4969	801
6554	886
5659	757
3746	682
0	0
3478	542
4047	612
6743	1092
7021	1265
7525	1098
7985	1038
1716	336
1293	200
2731	451
3457	464
3699	696
3188	553
1018	207
1823	324
8949	1136
2895	426
6818	906
4748	665
4198	677
2867	379
4273	638
3287	591
9154	1000
8487	927
6430	683
12790	1701
1951	212
4251	463
2208	391
7688	784
2905	432
3424	594
16945	2157
6509	924
3384	564
3688	502
5981	743
3852	670
4277	608
3382	479
6043	967
3478	542
0	0
569	70
7334	1136
6587	1147
7091	980
7551	920
1350	193
3570	478
2296	333
5734	742
4289	740
3609	500
2257	306
1613	195
8367	1235
3464	496
7387	976
5317	734
4767	747
3436	449
4842	708
3856	661
9723	1070
9056	997
6999	753
13359	1771
2520	282
4820	533
2777	461
8257	854
3474	502
3993	663
17514	2226
7078	994
3953	634
4257	572
6550	813
4421	740
4846	678
3951	549
6612	1037
4047	612
569	70
0	0
6765	1066
6018	1078
6522	910
6982	851
781	123
3001	409
1727	263
5165	672
3720	670
3040	430
1688	236
1044	125
7798	1165
6577	1063
9498	1507
10780	1449
2115	367
8899	1163
4966	793
7269	1234
15187	1784
14519	1711
12462	1468
10882	1660
5001	787
4450	610
3909	705
5780	743
5172	803
4820	776
13651	1833
5846	935
3991	669
9720	1286
9325	1541
2676	541
10309	1393
4074	634
6399	1100
6743	1092
7334	1136
6765	1066
0	0
6734	1130
1166	275
2752	503
5876	942
5351	896
5188	804
6292	948
3759	665
7885	1246
5804	918
6010	979
11784	1621
6855	1235
4234	712
6619	1161
6928	1181
5401	939
4224	780
2356	465
13125	1810
12457	1737
10401	1494
7422	1253
5068	862
4185	714
5472	1019
4644	643
5080	1002
6688	1221
20196	2809
9760	1576
6648	1192
7016	1196
4029	724
5171	943
7586	1291
3355	638
9294	1619
7021	1265
6587	1147
6018	1078
6734	1130
0	0
4366	681
4852	674
5482	862
7059	1078
4406	699
9309	1355
7838	1188
8341	1193
6204	990
6344	888
12582	1815
7801	987
8439	1340
9721	1282
2164	423
7840	996
3907	626
6211	1066
14128	1617
13460	1544
11403	1301
9898	1579
3942	620
3282	426
4437	681
4796	662
4114	636
4809	850
14501	2010
6741	1092
4607	777
8661	1119
8266	1374
1617	373
9250	1226
3015	467
7294	1257
7525	1098
7091	980
6522	910
1166	275
4366	681
0	0
1510	312
5877	969
6660	1035
5466	726
7187	1100
4654	817
7886	1274
5805	946
6012	1006
12679	1773
8261	927
8925	1333
10181	1222
3525	699
8300	937
4355	611
7613	1042
14588	1558
13920	1485
11863	1241
8492	1328
4402	561
2447	296
4897	622
3389	411
4574	577
7652	994
15503	2091
8102	1368
6736	926
9121	1059
8726	1315
3434	526
9710	1166
3502	460
10258	1392
7985	1038
7551	920
6982	851
2752	503
4852	674
1510	312
0	0
6994	914
8571	1130
5918	751
8451	1257
5918	974
9853	1245
7716	1042
7857	940
13943	1930
1550	306
8169	1098
6098	857
3765	631
4217	572
5023	807
4055	719
10505	1193
9837	1120
7780	876
13540	1869
2701	380
5001	632
2264	373
8438	953
3360	608
1799	367
15356	1956
4920	723
1759	338
5038	694
7331	936
4292	709
5627	801
4132	647
4454	766
1716	336
1350	193
781	123
5876	942
5482	862
5877	969
6994	914
0	0
2278	351
1069	171
4529	628
3062	578
2873	498
792	170
873	192
7630	1232
900	156
7514	1353
8318	1143
4547	696
6437	857
6600	1023
5632	935
12724	1478
12056	1405
10000	1162
15117	2086
4278	597
6578	848
2865	470
10015	1169
3961	705
1937	413
13260	1609
2823	376
2542	403
7258	980
6745	1208
5075	775
7847	1087
5709	864
2358	419
1293	200
3570	478
3001	409
5351	896
7059	1078
6660	1035
8571	1130
2278	351
0	0
2646	386
2251	276
3172	592
3583	565
1502	237
2213	366
7743	949
2565	421
4861	973
5538	776
3077	494
3657	491
3947	644
2979	556
9945	1112
9277	1039
7220	795
12464	1707
1625	218
3925	469
1188	205
7362	790
2285	440
2397	407
15906	1994
5470	761
2358	378
4478	613
4092	829
3604	572
5067	720
3056	484
5004	804
2731	451
2296	333
1727	263
5188	804
4406	699
5466	726
5918	751
1069	171
2646	386
0	0
4897	653
3430	603
3872	616
1791	288
1731	313
10389	1326
3064	420
9764	1629
10482	1406
5839	856
8601	1121
8850	1300
7883	1212
13301	1541
14220	1669
12164	1425
17367	2362
6528	873
8828	1125
5115	746
12265	1445
6212	982
4187	690
11199	1383
786	136
4793	680
9422	1243
8995	1484
7326	1051
10011	1350
7959	1140
1456	290
3457	464
5734	742
5165	672
6292	948
9309	1355
7187	1100
8451	1257
4529	628
2251	276
4897	653
0	0
4113	654
5834	871
3753	543
4281	636
5464	694
3533	666
8298	1579
8975	1382
3306	572
7094	1097
7380	1133
6416	1162
13382	1718
12714	1645
10657	1401
14417	2271
5062	824
6735	976
2912	515
9315	1354
4008	750
1775	380
13499	1914
3667	604
1072	224
7915	1219
7529	1435
4107	681
8504	1326
6488	973
4220	769
3699	696
4289	740
3720	670
3759	665
7838	1188
4654	817
5918	974
3062	578
3172	592
3430	603
4113	654
0	0
4840	868
2759	540
2966	600
9605	1313
2610	420
6868	1055
4797	814
5773	936
4840	757
7882	1138
6896	1091
10063	1282
9396	1209
7339	966
16399	2201
5560	712
7860	963
4091	709
11297	1284
5187	944
3808	672
16843	2174
6406	941
3768	642
3955	668
6031	892
6301	1014
4524	763
6991	979
5941	984
3188	553
3609	500
3040	430
7885	1246
8341	1193
7886	1274
9853	1245
2873	498
3583	565
3872	616
5834	871
4840	868
0	0
2178	367
2174	368
5492	919
852	177
9076	1212
7005	970
3692	608
5124	685
5745	935
4777	847
11412	1306
10744	1233
8687	989
14262	1997
3423	508
5723	759
2010	381
9160	1080
3106	617
1727	344
14762	1846
4325	613
1687	315
5945	807
8238	1049
4220	686
6534	914
4854	775
3860	656
1018	207
2257	306
1688	236
5804	918
6204	990
5805	946
7716	1042
792	170
1502	237
1791	288
3753	543
2759	540
2178	367
0	0
808	155
6936	1088
1240	209
8431	1101
6361	859
3899	668
4479	574
5886	833
4900	786
10767	1195
10099	1122
8042	878
14402	1896
3563	407
5863	658
2217	442
9300	979
3313	677
1933	404
15290	1939
4854	706
1894	375
5300	697
7594	938
4427	746
5890	803
4994	674
4388	749
1823	324
1613	195
1044	125
6010	979
6344	888
6012	1006
7857	940
873	192
2213	366
1731	313
4281	636
2966	600
2174	368
808	155
0	0
6915	1088
8556	1093
8888	1317
6817	1075
11331	1528
7077	1093
12123	1760
8850	1443
8382	971
9624	1119
9358	1227
20640	2823
9800	1334
12100	1585
10608	1419
15537	1906
10754	1554
9679	1362
15722	1926
6164	798
10285	1352
5974	930
8050	1154
12818	1724
4978	878
11231	1601
4931	609
8949	1136
8367	1235
7798	1165
11784	1621
12582	1815
12679	1773
13943	1930
7630	1232
7743	949
10389	1326
5464	694
9605	1313
5492	919
6936	1088
6915	1088
0	0